5 0.36640625 0.48984375 0.290625 0.0984375
5 0.19375 0.6515625 0.3625 0.2171875
5 0.77109375 0.03359375 0.290625 0.059375
5 0.60390625 0.29296875 0.2796875 0.1625
5 0.88359375 0.56484375 0.23125 0.1296875
5 0.79140625 0.77734375 0.296875 0.240625
5 0.69609375 0.4703125 0.296875 0.10625
5 0.81875 0.128125 0.290625 0.1296875
5 0.91640625 0.7796875 0.165625 0.1890625
5 0.5 0.490625 1 0.98125
5 0.0625 0.1828125 0.125 0.184375
5 0.44375 0.1984375 0.303125 0.153125
5 0.88671875 0.27578125 0.2265625 0.05625
5 0.2171875 0.7953125 0.303125 0.165625
5 0.11875 0.4328125 0.14375 0.1578125
5 0.56875 0.4015625 0.290625 0.0625
5 0.3421875 0.93515625 0.2796875 0.0671875
5 0.5359375 0.59453125 0.2859375 0.071875
5 0.36328125 0.8859375 0.2734375 0.0640625
5 0.25 0.15390625 0.190625 0.1890625
5 0.89296875 0.21640625 0.2140625 0.0625
5 0.73203125 0.6125 0.11875 0.19375
5 0.13671875 0.1671875 0.10625 0.1625
5 0.9046875 0.66328125 0.190625 0.075
5 0.10703125 0.54921875 0.2140625 0.0515625
5 0.88984375 0.38359375 0.2203125 0.1375