5 0.4984375 0.66015625 0.096875 0.284375
5 0.6578125 0.82578125 0.2125 0.3484375
5 0.0484375 0.26484375 0.0578125 0.284375
5 0.30390625 0.42734375 0.159375 0.2734375
5 0.571875 0.13359375 0.128125 0.2671875
5 0.78125 0.24453125 0.2375 0.290625
5 0.47890625 0.3375 0.1046875 0.290625
5 0.14140625 0.21796875 0.128125 0.2859375
5 0.7828125 0.11328125 0.1859375 0.18125
5 0.49609375 0.5 0.96875 1
5 0.19609375 0.94765625 0.18125 0.1046875
5 0.2109375 0.584375 0.1515625 0.296875
5 0.2875 0.13125 0.053125 0.2625
5 0.7984375 0.80546875 0.1625 0.296875
5 0.4421875 0.90078125 0.1546875 0.140625
5 0.4109375 0.4625 0.0625 0.284375
5 0.9359375 0.6828125 0.065625 0.2734375
5 0.60078125 0.49453125 0.06875 0.278125
5 0.8875 0.6625 0.0625 0.2671875
5 0.16640625 0.7734375 0.1859375 0.1859375
5 0.22890625 0.128125 0.0625 0.24375
5 0.61796875 0.30234375 0.190625 0.115625
5 0.18046875 0.88359375 0.159375 0.1046875
5 0.66875 0.11328125 0.0734375 0.2265625
5 0.55625 0.90390625 0.05 0.1921875
5 0.39375 0.128125 0.1359375 0.25625