5 0.41015625 0.7765625 0.30078125 0.353125
5 0.71484375 0.76171875 0.30078125 0.24140625
5 0.11328125 0.79140625 0.19921875 0.24140625
5 0.24296875 0.79375 0.19609375 0.3296875
5 0.5 0.49140625 0.96640625 0.9234375
5 0.5578125 0.54375 0.16875 0.41796875
5 0.8765625 0.4734375 0.09140625 0.48828125
5 0.190625 0.45859375 0.084375 0.446875
5 0.05546875 0.503125 0.07109375 0.39375
5 0.86015625 0.61796875 0.246875 0.6234375
5 0.84609375 0.80859375 0.21953125 0.24140625
5 0.1203125 0.4796875 0.084375 0.5234375
5 0.3515625 0.4296875 0.08125 0.4
5 0.71796875 0.45859375 0.09140625 0.45859375
5 0.80390625 0.48515625 0.07421875 0.35859375
5 0.9421875 0.51484375 0.08125 0.41796875