5 0.77734375 0.584375 0.3625 0.30625
5 0.76171875 0.27421875 0.246875 0.30625
5 0.7921875 0.88828125 0.246875 0.203125
5 0.7953125 0.75546875 0.3375 0.2
5 0.48515625 0.49296875 0.946875 0.9859375
5 0.5390625 0.434375 0.428125 0.171875
5 0.4671875 0.10859375 0.5 0.09375
5 0.4515625 0.80859375 0.4578125 0.0859375
5 0.496875 0.946875 0.403125 0.0734375
5 0.61484375 0.12578125 0.6375 0.2515625
5 0.81015625 0.13984375 0.246875 0.225
5 0.47265625 0.88125 0.5359375 0.0859375
5 0.421875 0.64453125 0.409375 0.0828125
5 0.4515625 0.2703125 0.46875 0.09375
5 0.47890625 0.1828125 0.3671875 0.075
5 0.509375 0.04140625 0.428125 0.0828125