5 0.5 0.35234375 0.090625 0.26796875
5 0.35078125 0.19375 0.2 0.33359375
5 0.921875 0.72421875 0.0546875 0.26796875
5 0.68203125 0.57109375 0.14921875 0.25703125
5 0.43125 0.85546875 0.1203125 0.26796875
5 0.234375 0.74296875 0.221875 0.2734375
5 0.51796875 0.65546875 0.0984375 0.2734375
5 0.834375 0.76796875 0.1203125 0.26796875
5 0.2328125 0.86640625 0.17421875 0.16953125
5 0.5015625 0.49765625 0.909375 0.98359375
5 0.78359375 0.07109375 0.17109375 0.1203125
5 0.76875 0.4234375 0.1421875 0.27890625
5 0.6984375 0.8578125 0.05078125 0.2625
5 0.21796875 0.215625 0.15234375 0.27890625
5 0.55234375 0.12578125 0.1453125 0.13125
5 0.58203125 0.53828125 0.0578125 0.26796875
5 0.0890625 0.33046875 0.06171875 0.25703125
5 0.40390625 0.5078125 0.065625 0.2625
5 0.134375 0.35 0.0578125 0.2515625
5 0.8109375 0.24609375 0.17421875 0.175
5 0.75234375 0.85234375 0.0578125 0.2296875
5 0.3875 0.68828125 0.178125 0.109375
5 0.7984375 0.1421875 0.14921875 0.0984375
5 0.33984375 0.871875 0.06875 0.22421875
5 0.44453125 0.10625 0.0484375 0.2125
5 0.5984375 0.8609375 0.12734375 0.25703125