5 0.40703125 0.99375 0.3140625 0.0125
5 0.503125 0.86953125 0.3140625 0.08125
5 0.4265625 0.13671875 0.365625 0.103125
5 0.378125 0.6859375 0.359375 0.115625
5 0.3265625 0.93828125 0.3203125 0.05625
5 0.39765625 0.07265625 0.371875 0.103125
5 0.378125 0.49140625 0.371875 0.084375
5 0.40703125 0.60234375 0.3265625 0.059375
5 0.40078125 0.546875 0.3140625 0.059375
5 0.39765625 0.81015625 0.371875 0.1078125
5 0.4125 0.5109375 0.48125 0.978125
5 0.4515625 0.7375 0.3265625 0.0984375
5 0.41015625 0.26484375 0.371875 0.1109375
5 0.378125 0.42734375 0.3203125 0.06875
5 0.40078125 0.203125 0.3265625 0.071875
5 0.4328125 0.36953125 0.3265625 0.071875
5 0.4234375 0.32265625 0.3203125 0.071875