5 0.0953125 0.44296875 0.05625 0.2953125
5 0.23203125 0.5328125 0.075 0.2953125
5 0.9125 0.4609375 0.0953125 0.34375
5 0.403125 0.415625 0.10625 0.3375
5 0.16875 0.3671875 0.0515625 0.3015625
5 0.96171875 0.4328125 0.0765625 0.35
5 0.58359375 0.415625 0.0796875 0.35
5 0.48046875 0.44296875 0.05625 0.30625
5 0.53203125 0.43671875 0.05625 0.2953125
5 0.2875 0.43359375 0.1 0.35
5 0.53359375 0.4484375 0.9328125 0.4515625
5 0.35546875 0.48515625 0.090625 0.30625
5 0.79375 0.44609375 0.103125 0.35
5 0.64296875 0.415625 0.0625 0.3015625
5 0.8515625 0.43671875 0.0671875 0.30625
5 0.69609375 0.4671875 0.0671875 0.30625
5 0.73984375 0.4578125 0.0671875 0.3015625