5 0.09765625 0.43984375 0.05078125 0.26796875
5 0.22265625 0.521875 0.06875 0.26796875
5 0.84453125 0.45625 0.08671875 0.31171875
5 0.37890625 0.415625 0.09765625 0.30625
5 0.16484375 0.371875 0.046875 0.2734375
5 0.8984375 0.43203125 0.08671875 0.3171875
5 0.54375 0.415625 0.07265625 0.3171875
5 0.44921875 0.43984375 0.05078125 0.27890625
5 0.49609375 0.434375 0.05078125 0.26796875
5 0.2734375 0.43203125 0.090625 0.3171875
5 0.50703125 0.4453125 0.86953125 0.41015625
5 0.33515625 0.478125 0.08359375 0.27890625
5 0.73515625 0.44296875 0.09453125 0.3171875
5 0.59765625 0.415625 0.0578125 0.2734375
5 0.78828125 0.434375 0.06171875 0.27890625
5 0.646875 0.46171875 0.06171875 0.27890625
5 0.68671875 0.45390625 0.06171875 0.2734375