5 0.39609375 0.78984375 0.3125 0.3703125
5 0.71328125 0.775 0.3125 0.253125
5 0.0953125 0.80546875 0.190625 0.253125
5 0.221875 0.80859375 0.203125 0.3453125
5 0.49609375 0.490625 0.9921875 0.96875
5 0.54921875 0.54609375 0.175 0.4375
5 0.88203125 0.471875 0.0953125 0.5125
5 0.1671875 0.45703125 0.0875 0.46875
5 0.03203125 0.503125 0.0625 0.4125
5 0.8640625 0.6234375 0.25625 0.6546875
5 0.85 0.82421875 0.228125 0.253125
5 0.09296875 0.478125 0.0875 0.55
5 0.334375 0.42578125 0.084375 0.41875
5 0.71640625 0.45703125 0.0953125 0.48125
5 0.80625 0.484375 0.078125 0.3765625
5 0.95078125 0.515625 0.084375 0.4375